200330337460466354701211163655
461353320237612463545275163246
675567726410142110072353220444
544557747261351720274172721736
462362334613463034212611112420
570305214720301331232413207666
735576247462155241474121747625
102353627002771733144442311542
164427200424157431574220126213
774376610001176754633740421112
075455276505765531326033753135
466125671744144637447164024517
075046460131707471452330221455
635370313205216056045032715145
777156716614212301072366174467
441113265354165763030577263362
423505254317622045705563445147
506674141767130326265452645424
340566117136454577200053004200
006352656324670136550540115072
451672252442752465674603042136
203175575042504203174324214761
043753103171631411444517225031
646127222442020057577344540351
377336133036404447070617547700
134706710036315425017466400405
357510267536721711144202742601
656366000473526541257011210710
761531004652437171520770355036
651102042334422216416143341472
727561332121633116611235112262
220161722541227555600166177345
024061544124544721651266152554
674567714435074770502633157314
750054401261745534517647322650
503026566632065036626273224522
205424612122446367007066252172
006566112252421472767611124165
317277176132134515334444300725
764631135105665361203561407073
350467766650371643400371164332
155666042154777635052401333372
567153721706610071570300541453
522064310471420234031706231703
562521412322717401276756653435
660264751536466633520222377641
102211613152554646650455511270
415655100534531012624036363507
650034133525746205634563324266
334434032714623011404576272703
